2806 2220 1590 1828 2450 2101 1480 2076 1807 1714 2367 2157 1976 1838 2453 1839 
2180 2243 2252 2119 2244 1587 1456 1863 2284 1972 1634 1952 1906 2018 1977 2170 
2221 1822 1816 1144 2238 2429 2122 2028 2074 2082 2368 1463 2277 2370 2478 2706 
2218 2036 2273 2343 1834 2474 2074 2061 2048 2048 2202 2303 2189 1964 1840 1842 
2348 1632 1708 1885 2343 1849 2107 2219 1767 2344 2039 1649 2236 1712 2201 2409 
2178 1842 2052 1950 1843 1836 1952 1601 1880 2357 2282 1795 1907 1769 2043 2542 
1791 2032 1741 2462 1907 2162 1979 1953 1520 2370 1570 2281 1931 1879 1826 1728 
2143 1683 1435 2199 2032 2136 1966 1778 2016 2390 1961 2533 1501 1984 1663 1782 
2050 1785 1908 2583 2165 1908 2007 1478 1658 2135 1718 2230 2261 2256 1932 2080 
1734 1925 2199 2236 2094 2111 1978 1763 1628 2364 1886 2405 2187 2006 2291 2389 
1804 1986 1597 1758 2520 2063 1810 1484 2185 1700 2303 1280 2315 2243 2247 2623 
2303 1980 1868 1592 2095 1720 1535 2601 1599 1754 2511 2090 2342 2270 1852 2240 
1978 1909 1945 2205 1967 2073 1909 2085 1661 2135 2176 1608 2337 1966 2174 1885 
2293 2156 2320 2605 1882 1979 1635 2015 1347 1909 1761 1827 2310 2109 2101 1827 
1812 2061 2281 2570 2272 1173 1611 2044 1747 1778 2696 1708 1658 2472 2483 1597 
1709 2224 2249 2480 2320 1890 1368 1783 2125 1537 2192 2236 2388 2056 1942 2238 
1763 2287 1767 2087 1764 1800 1909 1567 2226 1616 1950 2069 1668 1892 2038 1881 
2369 2165 1636 2116 1746 1987 1852 2150 2223 1745 1969 2262 2130 2310 2005 2455 
1589 1637 1661 1845 1868 2124 2009 1722 2300 1896 2099 1306 1768 2713 2043 2318 
1859 1687 2221 2464 1570 2306 2056 2495 2048 2418 2284 1508 2164 1855 1733 2013 
