154 84 7 121 169 148
107 178 215 150 39 124
184 228 87 245 85 206
60 85 246 203 84 176
16 54 220 198 241 140
117 200 139 119 11 16
36 179 243 35 69 6
78 122 189 191 150 205
18 161 168 124 232 231
232 227 217 184 32 176
254 96 161 168 194 221
204 213 79 207 38 109
215 149 58 96 196 30
67 217 55 156 53 214
98 206 200 201 85 194
126 7 151 78 113 84
13 81 133 4 76 167
64 219 41 71 54 8
244 51 130 159 205 204
248 169 162 17 115 45
59 206 240 69 240 130
63 20 179 174 15 177
135 99 87 104 220 145
248 76 177 164 238 34
198 236 20 68 224 132
185 65 167 25 205 4
125 97 152 8 144 106
118 76 80 56 102 140
253 119 146 163 167 153
64 23 80 219 126 65
144 71 172 138 221 93
98 249 145 91 161 169
147 18 3 222 154 248
89 99 152 49 243 195
222 122 37 0 122 139
245 181 125 82 250 212
255 169 148 2 98 104
155 98 157 153 66 242
98 230 174 185 72 160
215 161 25 48 73 247
234 115 121 35 215 109
178 66 250 164 95 194
208 180 15 101 65 87
49 254 24 108 166 28
14 147 230 57 180 207
62 71 49 90 47 152
86 122 198 70 246 211
39 178 32 232 92 15
213 188 162 183 104 12
100 91 84 136 0 234
35 44 80 200 12 53
13 19 5 243 164 147
119 4 76 242 144 191
153 28 161 219 228 199
76 228 113 72 49 227
239 90 93 234 95 118
154 89 212 62 190 59
110 49 231 50 121 142
139 108 15 76 120 15
174 220 93 193 37 39
50 191 91 150 15 250
254 146 151 72 23 94
133 6 98 120 89 58
23 113 131 244 63 43
209 204 207 199 92 230
230 146 109 220 127 186
254 41 156 77 214 157
14 30 226 145 87 31
26 183 19 217 211 109
2 128 104 188 210 143
246 80 133 156 7 91
107 124 170 153 227 232
237 208 199 8 240 65
80 28 55 129 226 118
147 194 47 156 78 87
101 225 76 172 28 234
218 244 184 86 53 218
115 131 210 230 213 183
6 43 87 146 116 183
143 140 151 231 38 100
123 169 0 142 16 162
165 228 106 181 235 160
166 98 207 92 248 250
119 123 147 29 45 41
64 83 218 212 28 250
241 214 85 85 169 10
105 150 59 222 151 206
189 128 167 90 19 172
102 31 107 212 23 34
66 49 208 179 162 76
235 189 9 148 71 188
11 232 232 238 68 32
241 208 230 107 246 159
87 143 226 189 145 1
51 187 28 175 24 232
123 199 10 77 177 10
84 50 236 85 204 70
77 177 81 78 166 42
105 232 255 161 174 234
193 246 13 240 134 51
226 122 223 101 160 141
199 138 110 227 0 156
88 31 180 157 93 191
151 180 211 118 94 214
218 249 89 163 177 143
199 56 134 176 136 134
240 1 54 237 24 197
154 209 197 77 241 174
55 117 228 155 64 134
115 183 36 85 26 40
239 202 181 241 209 46
21 144 251 168 34 150
179 49 244 126 118 254
237 122 55 177 252 237
152 77 146 170 147 16
80 154 114 15 60 71
63 160 171 138 16 62
133 35 228 131 90 48
184 89 238 89 161 202
115 7 88 126 197 190
146 40 158 64 25 184
96 123 100 218 210 83
173 3 58 73 183 222
247 182 60 91 163 58
210 250 222 226 77 203
172 147 73 172 163 52
116 61 113 40 152 103
0 229 87 62 12 143
130 108 172 40 160 108
51 164 50 214 212 236
14 162 29 41 252 156
21 134 246 212 163 84
103 132 78 23 20 232
243 134 116 64 46 228
10 25 174 151 71 110
167 254 182 232 6 73
3 103 94 140 198 94
19 247 30 240 132 217
76 83 197 152 58 126
58 24 254 33 135 52
243 36 97 99 6 218
177 107 49 107 174 192
40 195 181 203 251 228
219 242 242 120 100 92
151 212 138 210 2 85
131 49 151 244 81 68
42 123 60 211 27 111
240 96 146 56 32 81
228 73 26 136 35 173
10 179 71 252 19 172
183 30 251 108 22 106
116 108 212 89 174 242
172 127 99 126 147 226
70 224 89 231 202 245
210 65 216 115 111 210
106 17 147 7 239 176
115 37 236 43 114 140
237 135 64 110 170 138
196 94 16 26 90 141
124 9 64 15 30 75
46 229 128 38 192 195
98 52 86 221 34 122
180 229 89 7 107 82
0 9 51 222 76 137
163 61 207 99 18 81
141 193 245 166 35 153
214 19 190 228 153 105
75 78 215 99 5 21
56 240 46 134 36 230
174 161 234 38 123 228
35 237 51 177 38 182
160 111 99 86 48 249
240 140 252 64 207 60
96 200 55 214 129 146
67 100 43 222 166 155
51 23 78 70 203 208
204 68 45 252 249 89
22 88 215 125 246 47
146 193 135 76 136 18
54 200 124 223 252 116
121 87 7 55 166 127
197 129 145 10 68 231
246 58 175 142 100 98
178 148 140 66 50 126
97 110 79 98 191 233
115 73 159 155 60 21
71 186 65 140 100 72
177 235 106 234 57 10
250 198 247 225 18 159
215 144 193 76 244 180
187 249 136 156 154 67
200 183 171 6 219 102
248 133 161 101 50 221
208 180 39 195 164 84
121 3 96 96 140 186
244 41 71 202 234 224
25 44 123 110 67 182
203 9 254 74 107 47
227 17 219 163 206 70
127 105 36 216 140 76
195 244 131 217 84 30
105 138 166 178 68 210
185 232 62 71 198 15
7 56 225 128 9 182
237 234 249 2 187 22
120 149 41 42 136 178
131 72 79 89 215 228
47 138 219 241 240 125
129 187 74 47 212 65
103 73 36 8 46 162
35 73 101 153 202 255
119 217 228 183 176 36
16 151 182 128 144 109
191 243 11 220 41 188
114 36 253 196 200 192
107 82 185 50 35 225
188 219 53 60 222 44
157 53 158 214 6 134
13 1 86 91 130 183
133 141 136 170 49 38
109 45 116 71 170 98
47 25 163 49 54 86
48 62 91 230 43 1
57 95 155 236 232 249
148 183 81 163 105 64
65 191 196 126 121 9
179 219 221 27 77 248
69 139 201 6 30 72
23 51 167 184 10 156
99 1 181 89 89 250
75 26 113 104 235 157
218 209 96 62 20 200
232 245 194 86 90 171
35 235 143 171 1 101
203 230 77 29 177 224
78 22 197 180 89 228
165 189 176 138 125 45
141 102 247 42 11 208
15 31 174 204 50 243
120 3 85 168 140 160
243 23 73 21 55 244
227 82 229 101 168 219
140 171 137 115 91 234
44 221 76 254 83 255
105 132 98 142 49 134
246 25 233 136 107 167
254 241 151 230 30 59
125 183 218 117 83 226
239 169 213 250 187 33
249 41 60 236 94 45
148 216 167 138 229 57
249 189 201 167 81 90
120 48 127 237 190 169
241 227 226 102 245 179
97 174 31 69 15 130
246 145 8 58 89 34
10 125 137 222 33 195
202 123 39 66 117 215
91 127 191 156 2 221
16 214 154 27 103 147
190 23 121 248 30 111
162 124 68 245 77 156
70 30 65 17 153 18
104 27 128 6 164 169
105 167 59 205 1 177
6 233 72 49 46 124
240 51 204 69 83 76
110 165 222 49 135 177
61 209 233 219 245 186
112 44 150 202 159 43
108 154 28 39 1 29
1 119 136 114 117 252
238 150 67 240 236 242
206 237 218 240 249 76
50 188 53 212 12 59
209 38 106 112 222 206
251 171 106 218 21 167
46 76 198 254 131 5
196 227 242 48 231 39
250 9 146 217 50 98
121 61 70 215 28 241
114 135 105 177 212 22
98 182 93 53 129 29
70 114 203 69 236 188
42 128 212 104 57 205
237 140 92 67 77 113
133 66 73 112 166 156
245 164 220 87 242 14
141 129 126 99 50 187
199 168 95 79 237 42
209 20 251 30 249 106
14 176 93 171 10 48
178 171 101 52 123 140
93 3 139 56 37 237
158 37 255 39 31 158
54 132 58 116 112 127
52 215 84 225 13 86
102 227 134 188 52 50
14 30 97 79 249 134
30 187 32 24 217 24
197 214 248 10 193 215
150 186 109 216 134 251
87 127 47 112 229 109
144 12 222 97 44 124
180 72 146 133 12 144
99 41 173 69 133 163
85 195 8 213 251 186
47 174 184 137 148 207
137 215 53 111 95 170
64 111 89 37 62 248
7 238 8 65 221 76
65 29 34 34 168 172
81 133 109 77 191 76
136 192 171 48 180 27
185 187 172 191 127 102
30 174 88 4 4 35
33 27 85 160 159 96
184 168 211 64 198 105
111 67 126 112 169 21
110 221 233 98 34 241
47 38 93 176 161 98
87 92 11 84 194 219
161 195 214 27 41 217
70 191 49 205 189 130
10 241 72 129 213 233
126 170 4 166 84 224
145 219 176 168 99 125
176 92 130 126 77 233
88 162 75 214 34 251
26 47 52 15 68 103
98 223 121 227 125 87
223 148 108 62 19 22
76 22 132 48 211 217
122 145 231 26 181 176
147 67 111 50 50 138
148 171 133 197 191 24
1 159 187 159 41 68
155 99 190 1 78 255
94 131 137 254 135 151
175 188 40 245 132 184
201 159 240 227 185 157
9 60 44 210 183 141
5 106 242 100 107 64
10 114 75 188 148 202
56 24 165 106 244 211
220 17 30 100 57 98
165 14 113 239 180 194
136 129 134 59 17 189
89 94 89 143 72 114
7 220 159 38 198 127
156 54 69 223 121 201
226 103 84 201 4 75
106 90 52 53 37 186
160 203 26 197 197 33
157 75 122 27 93 198
205 216 111 91 246 236
8 214 40 133 35 40
92 189 156 150 59 244
92 178 43 44 140 83
70 58 107 3 234 240
116 133 68 204 212 15
46 179 148 20 117 130
102 116 59 251 22 38
15 188 55 142 181 209
159 12 146 202 212 96
36 180 179 62 9 126
88 209 248 197 228 169
139 1 26 220 182 30
3 7 206 121 97 189
103 159 222 254 73 137
21 146 113 79 6 74
165 235 94 149 114 8
182 173 8 80 114 39
135 38 229 242 171 102
146 106 139 156 237 1
33 114 34 99 107 158
160 253 9 223 30 141
14 159 68 93 213 179
110 150 2 28 189 196
170 55 82 185 54 145
4 203 158 169 36 133
231 71 176 86 239 106
110 176 252 76 14 2
254 148 20 17 11 200
109 164 250 119 63 41
86 188 194 111 179 237
91 11 83 240 129 169
99 247 144 236 146 8
177 101 54 96 3 9
174 11 54 24 74 126
8 192 164 216 236 176
83 203 34 39 74 115
248 99 42 124 110 248
211 251 182 214 214 215
138 61 96 101 239 120
37 253 74 16 173 38
244 54 111 76 13 244
210 204 187 87 243 198
72 81 215 242 204 127
26 110 101 51 150 194
221 83 165 129 54 224
164 23 214 65 243 183
224 73 44 104 12 9
64 37 60 103 61 13
169 134 155 112 34 76
131 119 183 178 228 61
178 255 43 241 253 18
248 194 117 184 80 225
64 31 39 62 39 237
31 48 203 13 210 39
117 146 209 230 67 150
87 165 249 102 150 94
0 115 134 141 93 138
40 122 121 123 225 110
103 163 129 157 150 180
134 70 243 175 40 17
223 36 53 32 147 57
160 115 106 155 233 150
68 242 219 86 163 78
36 90 170 151 63 91
27 228 64 135 96 66
125 68 167 140 157 215
201 247 231 92 144 35
129 101 198 37 12 39
57 213 132 157 89 150
169 45 163 72 183 242
253 12 149 185 166 160
118 159 71 224 146 198
129 211 236 251 160 235
90 38 60 181 47 90
233 122 146 197 240 46
222 221 238 43 119 119
188 238 167 62 106 211
180 194 219 117 52 20
246 68 247 191 29 104
178 141 255 216 130 162
163 147 181 226 185 40
122 175 183 220 108 168
36 218 133 250 208 10
255 136 236 33 192 141
111 90 68 9 20 104
45 154 1 77 47 93
217 45 46 66 84 155
82 132 1 157 248 126
38 30 151 80 246 136
106 139 226 57 0 214
41 173 228 106 49 236
0 199 19 48 167 84
215 205 235 55 196 8
118 215 157 145 202 4
125 21 50 202 88 21
209 204 77 168 15 124
212 231 100 121 171 207
77 122 98 103 246 143
51 216 79 149 251 101
231 127 141 253 125 231
78 99 249 43 191 60
17 41 216 185 104 140
192 76 222 6 228 215
64 12 216 182 115 122
51 40 162 61 42 114
83 231 47 86 222 86
156 243 68 126 80 123
229 150 221 235 111 199
116 6 204 48 231 195
152 17 254 69 121 51
58 110 141 175 77 42
183 200 154 160 215 53
35 119 173 234 64 94
209 25 167 102 193 92
51 107 167 52 171 239
248 98 86 27 189 26
2 169 153 155 21 137
156 66 116 87 84 82
208 194 187 33 197 204
115 234 183 182 151 161
36 252 244 185 15 132
99 132 66 155 160 110
105 16 71 205 234 231
86 156 213 46 80 107
235 124 52 67 80 101
107 250 146 38 216 27
93 108 174 144 118 64
66 30 179 25 227 56
77 181 149 155 110 154
255 75 129 119 97 19
22 119 34 0 151 25
178 73 32 172 106 240
16 40 249 54 158 155
139 207 203 254 62 115
60 66 198 139 79 163
3 84 121 160 192 218
56 237 81 29 133 76
234 116 159 68 126 213
251 149 119 105 111 198
151 140 191 157 0 155
61 107 210 102 208 228
209 74 148 47 217 3
125 18 220 3 44 15
245 178 192 196 196 232
142 77 136 178 192 250
31 196 157 22 37 238
112 234 100 245 11 188
41 231 123 202 43 83
18 226 131 251 123 62
127 115 47 180 169 139
24 69 196 28 246 185
11 163 129 200 247 156
11 165 66 212 213 173
2 148 127 17 55 66
16 168 183 177 207 110
147 196 207 195 87 166
105 146 67 221 216 37
127 38 153 133 216 109
30 101 171 37 206 22
32 79 56 177 148 188
193 106 127 41 245 69
117 146 192 78 73 148
74 111 30 26 120 216
6 146 27 128 109 53
104 89 22 15 24 248
221 90 122 204 197 205
169 8 216 61 47 245
47 159 44 146 181 12
134 73 217 69 69 123
123 53 60 216 221 215
105 61 137 236 114 79
45 65 5 203 130 2
4 12 153 153 71 11
11 64 67 38 220 248
222 60 36 157 73 92
100 98 9 225 123 45
189 2 142 164 56 149
201 245 205 18 71 139
62 113 250 190 252 148
239 52 250 196 216 99
88 213 119 49 186 29
192 12 68 151 238 181
228 152 254 56 169 147
240 102 85 13 153 254
142 163 27 27 248 2
189 90 203 35 212 6
40 83 117 168 190 39
108 207 201 10 171 24
181 146 19 46 89 178
82 236 139 90 185 154
98 17 100 102 220 145
86 246 192 53 65 42
68 23 230 234 131 8
99 102 6 11 7 150
109 95 231 83 235 163
198 185 171 68 89 78
175 251 213 140 132 186
108 224 85 85 123 178
15 93 98 231 227 115
32 156 246 179 32 253
28 131 79 64 206 98
235 41 131 165 190 233
211 192 219 255 243 156
199 4 66 158 98 149
89 238 175 189 244 173
105 50 185 54 18 47
147 110 205 98 57 78
1 11 232 6 28 32
250 225 82 72 136 41
57 197 132 238 117 31
175 114 76 178 118 237
131 49 109 187 201 71
4 212 105 119 252 189
221 44 33 194 133 87
168 198 131 89 134 237
62 147 212 72 125 187
11 166 50 76 107 67
177 31 33 154 160 210
189 162 135 34 74 19
109 140 111 177 172 188
165 9 12 108 126 209
195 209 239 26 19 254
51 118 43 163 190 73
32 245 222 149 210 50
115 124 246 11 151 40
140 193 160 238 142 88
241 77 221 213 75 75
196 102 160 61 57 198
100 133 36 42 186 172
181 214 230 14 20 12
66 251 114 12 35 232
209 83 99 179 223 25
43 17 203 146 189 11
164 107 107 233 122 174
148 190 90 239 250 17
165 166 214 186 166 19
39 48 139 29 242 26
58 16 214 167 214 141
80 92 143 110 172 64
38 96 250 129 50 107
49 123 143 155 93 150
14 4 206 147 26 72
60 116 77 60 216 49
203 205 231 82 249 253
80 28 222 95 255 145
178 112 150 204 184 233
155 255 70 26 89 248
103 244 186 251 225 36
212 209 15 228 120 94
147 56 105 206 187 165
222 227 80 9 230 68
44 18 92 102 171 34
152 19 182 198 118 152
131 148 7 86 129 54
201 171 77 255 37 255
231 205 177 192 187 231
195 194 184 103 95 9
159 184 224 43 55 214
197 227 45 138 162 58
165 201 36 108 181 58
146 14 200 79 171 61
235 30 11 178 12 170
149 242 33 116 204 128
128 239 152 29 131 219
123 147 177 220 122 181
2 10 54 252 37 180
190 53 187 78 2 145
20 240 88 46 33 145
208 247 212 22 144 226
240 192 146 68 111 211
134 112 146 148 143 137
238 78 23 12 236 2
254 166 232 116 79 151
171 136 97 193 248 139
213 152 41 126 20 61
219 221 167 229 148 155
100 115 181 69 208 27
91 200 201 230 62 96
114 214 104 151 199 196
228 75 235 161 180 255
25 19 145 126 148 207
58 196 120 31 51 171
115 86 148 66 22 104
42 203 140 43 206 16
49 114 90 247 127 60
17 95 125 210 97 58
168 30 90 28 202 67
30 31 39 242 71 175
23 228 177 218 203 242
36 11 6 74 82 127
252 56 180 62 131 176
34 59 95 216 239 210
38 24 79 72 98 65
158 12 97 142 159 42
100 173 115 104 8 21
176 214 143 224 133 52
240 47 227 215 34 75
77 118 93 164 53 21
6 67 215 140 224 253
234 247 69 215 108 117
95 80 30 192 245 38
102 31 74 205 58 17
33 171 99 11 174 149
165 112 95 59 224 138
115 40 28 209 135 231
220 56 2 222 112 89
63 97 18 25 185 89
166 131 93 61 138 30
159 27 193 85 190 85
126 204 208 132 177 192
13 180 195 6 129 216
17 173 168 91 53 216
93 125 235 20 75 253
238 90 172 156 233 96
254 147 67 1 136 182
67 16 194 47 10 57
91 127 20 101 64 163
13 80 17 201 182 120
38 253 151 131 75 148
13 38 243 47 21 47
122 107 178 227 153 58
224 211 237 11 236 34
153 206 135 114 215 9
121 226 31 106 139 175
139 40 113 8 51 147
153 143 190 118 123 172
142 155 42 126 40 245
114 194 66 19 43 124
179 20 254 218 138 82
178 233 32 151 19 6
230 233 161 205 77 178
6 187 53 33 65 62
90 127 89 8 91 161
153 216 21 201 9 152
98 107 29 213 178 4
11 91 2 74 192 49
82 251 205 22 218 68
210 167 178 227 152 219
156 77 73 82 68 211
237 72 123 243 143 241
222 133 33 58 38 169
233 144 19 45 23 174
132 56 78 82 225 96
40 197 41 235 196 9
13 116 181 165 250 32
0 189 117 50 174 128
24 194 141 144 156 229
46 215 17 170 55 175
150 164 219 134 29 222
125 120 27 186 38 15
53 138 17 181 198 203
211 125 185 237 253 248
250 8 111 61 123 250
90 230 250 89 248 152
106 178 96 47 46 92
219 48 2 47 21 160
181 32 16 46 51 111
196 92 185 236 11 227
20 26 160 137 106 158
210 68 167 131 121 20
210 64 207 116 253 241
199 241 75 229 135 232
17 91 232 57 37 184
52 141 8 176 172 113
197 82 252 38 3 148
142 208 217 156 234 246
82 40 233 54 85 174
146 217 181 74 9 144
37 240 238 205 130 130
120 183 119 73 59 231
94 200 80 203 253 5
243 167 138 114 32 85
149 132 0 57 149 84
73 94 35 252 153 126
54 85 7 244 44 26
128 81 219 235 14 117
209 176 191 55 157 107
80 12 199 13 119 221
108 6 242 38 207 198
128 61 26 246 34 31
227 152 177 100 95 171
83 55 80 170 126 80
170 105 104 151 159 23
218 6 237 145 191 67
75 11 76 19 169 177
87 254 169 54 70 200
167 151 74 242 19 189
68 170 146 37 181 160
195 187 47 3 232 127
235 129 3 104 120 143
161 34 65 20 167 71
179 155 185 223 23 98
61 9 137 229 243 112
154 15 191 16 166 54
224 5 223 105 25 168
127 97 182 46 225 34
96 100 224 77 164 4
92 69 222 40 95 132
99 253 33 188 69 116
180 166 49 104 177 188
94 166 169 38 236 23
95 238 171 127 44 17
207 70 37 113 55 175
59 229 65 140 184 120
181 254 98 216 209 111
122 80 40 59 175 33
132 16 198 196 140 174
4 141 31 237 135 129
86 23 2 44 218 37
81 240 180 208 42 171
174 85 33 182 224 157
229 54 5 239 36 162
43 97 121 10 206 77
253 132 114 234 67 63
199 135 103 246 70 74
164 165 47 153 186 95
156 147 97 226 226 17
221 174 94 62 236 122
88 204 175 134 116 12
92 33 188 23 77 224
126 151 86 9 79 58
154 20 62 102 161 206
177 165 79 180 60 208
182 81 130 36 13 108
252 144 226 74 16 255
11 249 59 76 254 197
120 83 53 161 127 63
154 77 26 211 179 191
42 193 6 234 8 108
255 116 198 16 190 215
77 68 126 150 157 195
182 66 61 43 199 50
239 39 161 200 125 154
131 95 137 74 49 17
129 47 114 95 74 206
81 149 107 5 156 183
201 67 189 78 164 226
103 91 36 182 122 64
185 144 192 251 235 123
209 27 131 176 240 72
84 176 16 97 246 143
239 242 184 85 25 140
90 188 186 75 37 215
191 229 187 36 230 252
52 228 83 39 115 250
58 174 143 149 196 84
223 13 146 41 113 44
198 17 107 63 246 86
221 232 132 193 198 158
148 210 21 115 85 255
121 156 127 64 111 67
75 6 82 90 229 232
201 204 214 140 122 69
166 23 212 15 73 60
143 114 77 185 129 189
118 65 71 201 199 182
150 112 235 69 243 67
207 118 173 184 85 192
48 73 151 166 163 110
113 12 121 155 152 182
223 12 57 110 170 138
112 96 167 226 95 48
76 176 233 246 2 179
29 103 222 4 203 127
199 192 59 106 38 87
27 95 40 195 10 154
68 78 35 129 228 167
92 187 90 175 221 236
81 177 41 19 231 28
206 161 71 144 7 163
128 198 18 131 106 138
59 161 166 254 104 128
90 111 169 132 33 28
236 209 90 54 207 91
23 2 180 205 127 106
235 56 29 67 99 147
44 206 109 123 250 36
139 244 214 143 33 28
255 8 174 242 60 122
182 145 235 184 112 232
110 109 181 172 174 160
91 83 216 247 103 138
138 213 91 192 88 49
165 69 117 147 135 10
252 238 207 51 167 153
220 19 184 129 219 222
11 120 70 226 137 71
33 59 148 243 129 154
89 134 212 163 114 98
179 130 8 181 209 54
81 70 253 157 195 251
80 106 222 143 102 81
215 76 168 159 203 184
122 207 0 132 58 174
116 32 239 27 39 72
225 205 74 152 8 200
132 185 238 77 203 151
255 131 130 147 252 36
235 81 125 42 101 76
96 186 249 72 24 88
217 6 187 89 123 66
138 54 250 58 97 205
176 249 50 71 117 39
82 63 19 127 244 92
254 211 163 90 199 204
125 27 161 10 144 75
60 226 237 200 250 97
166 40 244 49 83 95
172 171 44 87 131 123
221 105 7 66 113 108
129 230 247 31 41 132
96 57 166 6 3 27
161 167 65 105 172 216
211 142 193 5 24 154
60 111 210 241 194 125
60 212 170 168 108 27
158 98 220 133 38 27
102 198 212 163 144 17
213 131 93 126 50 184
36 148 107 206 71 228
104 238 46 107 217 137
69 72 159 36 218 158
153 65 62 225 85 70
216 149 70 131 19 124
35 245 97 96 160 86
32 116 209 67 185 2
17 223 231 194 149 171
69 117 194 144 187 108
150 247 87 29 158 4
159 215 49 180 190 161
5 6 252 111 221 148
51 147 129 6 97 101
170 209 158 200 17 78
243 145 57 45 85 86
157 127 166 98 115 191
10 36 161 72 160 79
63 147 118 220 32 147
237 130 155 221 223 169
79 89 103 207 51 37
185 189 208 166 36 98
211 155 227 22 11 199
137 105 188 213 165 142
203 139 219 158 243 45
44 36 25 36 255 146
27 61 149 115 194 67
106 90 167 206 194 219
4 241 45 161 99 108
13 26 138 177 97 86
50 22 157 21 7 215
41 40 130 65 40 205
133 229 47 22 109 10
232 212 85 229 212 67
200 38 97 23 221 112
53 195 44 7 153 238
227 29 65 201 95 138
114 137 178 164 194 119
96 203 132 203 66 132
11 120 195 234 200 29
193 90 31 216 95 246
47 209 123 25 77 201
70 192 223 121 92 38
43 181 172 158 21 170
133 96 88 50 42 126
94 109 204 125 106 159
22 20 25 118 250 55
43 154 56 121 156 173
248 147 230 201 44 50
89 44 70 202 14 92
150 74 78 56 9 73
208 12 124 165 86 233
76 144 102 29 233 245
62 110 30 81 20 142
159 228 148 35 231 199
46 232 80 163 163 194
66 57 135 111 25 136
165 175 134 146 227 147
96 102 223 6 95 156
144 148 203 216 196 82
120 107 123 45 40 126
149 243 65 189 116 124
195 193 5 192 49 164
174 124 253 134 237 182
196 199 209 209 143 87
209 115 243 110 33 87
128 194 199 69 198 188
127 129 240 251 93 219
181 26 217 96 120 14
160 103 83 120 81 140
1 3 220 29 145 73
133 225 55 100 10 69
43 164 84 25 252 95
148 52 90 54 118 165
109 103 104 10 88 166
112 236 252 44 56 191
12 126 161 252 136 34
79 69 95 31 207 175
185 169 192 42 27 41
153 132 236 196 243 41
153 120 108 125 133 31
78 28 14 89 77 96
9 33 84 72 90 94
4 129 145 38 73 106
212 231 114 135 244 25
252 178 165 112 93 118
78 166 116 35 236 156
5 238 82 230 9 133
189 27 75 47 126 6
93 10 89 104 212 88
48 159 246 171 18 115
137 76 181 50 209 152
215 52 209 23 104 212
29 219 83 66 133 199
126 17 138 152 246 8
247 50 202 61 152 130
242 93 208 35 145 141
251 213 42 123 44 176
223 7 144 205 24 207
243 14 114 102 220 226
119 126 1 113 53 6
158 13 37 21 75 240
29 227 37 169 91 79
127 26 28 141 128 233
252 178 188 140 209 235
29 190 100 235 10 220
106 15 117 173 138 97
32 203 231 245 196 5
13 94 88 43 185 119
47 13 1 96 91 57
89 64 190 238 162 234
31 212 107 213 83 153
63 76 91 186 207 59
105 201 148 255 77 214
220 238 1 47 240 164
176 200 29 107 8 200
162 217 188 69 29 233
5 166 216 127 11 197
212 209 81 184 65 209
73 142 86 133 120 110
124 159 51 247 167 203
190 73 173 217 77 152
187 26 213 99 232 220
48 241 196 40 47 187
226 160 16 231 200 228
136 155 51 232 78 179
27 241 80 67 41 7
164 249 36 115 21 248
191 206 254 247 89 3
22 254 202 214 65 33
248 59 167 94 60 235
92 244 148 239 72 106
132 41 85 226 40 218
48 2 79 42 166 211
183 97 201 181 244 99
6 183 246 148 131 96
26 49 152 255 114 139
63 220 74 37 117 193
164 72 159 123 250 66
14 188 237 43 25 150
117 255 106 112 252 49
22 190 83 148 133 30
119 252 210 67 154 207
25 74 198 7 225 181
245 224 55 68 143 39
152 243 226 35 86 59
128 64 45 187 208 154
235 124 233 80 131 240
207 25 203 36 124 159
227 44 142 18 5 79
27 25 251 214 84 38
22 11 67 215 114 33
134 117 215 113 55 65
81 55 66 88 88 161
239 26 182 5 210 216
11 182 26 226 22 253
96 74 5 156 57 166
24 210 209 157 62 237
231 219 72 17 135 48
227 104 249 68 66 154
143 214 167 49 148 227
76 64 240 102 191 124
65 5 29 71 64 129
248 170 152 128 175 255
116 6 133 165 251 57
98 233 54 156 36 166
105 41 54 223 92 78
20 134 231 23 206 127
221 32 201 42 156 153
129 248 12 108 37 212
0 204 220 240 138 145
164 43 243 165 201 168
2 23 210 88 62 155
218 191 147 155 28 231
42 218 162 238 79 240
235 23 81 218 117 169
189 160 104 72 19 55
194 197 85 16 221 207
54 99 151 174 18 67
100 111 131 169 164 232
152 177 253 178 218 146
171 67 42 184 207 89
57 25 194 221 176 179
120 217 100 10 5 119
165 42 144 26 20 152
187 33 196 155 94 8
77 49 114 143 221 79
153 92 25 64 60 95
157 166 132 34 4 64
42 217 159 125 152 193
110 57 137 232 36 51
134 65 146 74 223 138
193 161 41 222 233 245
178 24 119 127 245 69
64 148 145 154 242 117
254 237 0 228 116 167
92 209 126 127 33 77
21 175 51 177 141 99
197 178 198 201 243 73
167 86 208 20 172 174
37 125 93 207 245 45
176 199 162 109 82 162
46 248 137 99 246 66
73 123 55 60 26 48
202 254 122 176 79 130
28 234 75 76 245 100
37 8 38 130 222 125
17 70 170 164 35 0
3 178 85 125 208 105
135 188 173 61 155 188
195 76 206 12 23 174
119 197 206 146 61 210
169 230 29 207 204 23
21 110 22 84 161 160
163 254 241 215 190 129
28 129 156 5 203 247
15 154 30 100 68 47
48 104 105 31 222 64
136 200 10 183 164 12
165 6 68 236 231 56
89 152 248 230 227 197
26 252 20 116 165 98
16 198 225 152 97 175
27 123 122 62 91 223
97 241 100 10 106 248
156 79 184 30 223 218
109 178 22 243 160 249
223 217 38 84 194 215
44 40 140 245 134 74
244 248 206 48 242 37
36 186 108 227 210 223
173 34 179 181 87 57
45 157 130 168 173 175
106 140 176 49 60 6
111 4 178 214 169 123
41 246 61 239 169 238
204 30 205 178 121 89
249 153 38 82 125 225
195 238 150 204 48 95
9 6 157 206 246 239
145 240 3 179 203 149
55 144 154 253 139 44
188 24 66 85 115 30
36 225 141 231 45 143
90 30 52 24 142 249
49 74 188 148 173 30
11 23 17 87 102 219
72 22 175 122 231 131
167 231 229 88 142 160
116 57 254 191 28 135
247 60 53 18 10 166
216 140 20 251 227 221
145 124 156 55 11 176
78 239 251 227 159 112
190 70 67 59 111 54
83 248 101 233 124 205
223 236 3 2 185 228
6 212 129 65 34 78
39 112 204 42 120 104
201 98 165 86 254 205
193 42 73 197 8 218
57 67 73 88 182 238
82 172 254 11 217 146
205 6 186 252 71 122
95 144 79 129 52 27
188 30 193 65 140 150
174 178 248 199 90 128
166 193 27 142 24 174
32 165 131 239 181 49
209 98 125 102 129 63
78 180 212 67 69 168
112 53 27 43 52 12
96 214 251 2 94 96
165 196 3 64 108 164
105 98 152 108 65 233
117 165 157 54 168 98
35 133 200 202 19 73
19 209 175 118 40 210
4 35 172 152 104 125
43 165 165 146 174 48
92 172 125 176 243 156
252 37 174 47 170 180
188 7 70 204 57 80
209 144 229 234 108 5
49 211 218 103 225 48
17 95 229 10 99 53
20 122 46 152 233 103
99 178 9 164 0 227
29 13 123 186 34 4
51 68 33 11 219 165
182 57 246 49 239 255
118 37 103 199 209 127
39 51 84 70 59 49
38 112 196 252 225 61
38 124 82 60 33 11
46 66 133 105 245 45
189 244 60 124 59 35
146 28 201 239 245 10
105 26 38 154 204 10
234 99 222 120 84 211
122 29 10 20 55 142
70 221 125 143 102 161
63 110 191 82 115 83
156 200 160 205 63 226
75 213 147 252 21 4
215 12 120 45 117 74
194 173 73 33 47 209
232 79 39 88 47 225
177 66 88 111 75 204
163 123 24 124 127 255
74 120 101 171 153 30
113 125 148 230 216 139
11 32 235 199 127 166
120 184 45 35 31 134
231 90 110 236 190 223
72 168 23 150 96 22
16 48 155 147 180 172
107 88 80 154 250 72
168 28 34 147 101 219
85 123 165 201 126 68
216 255 230 89 122 196
176 33 205 121 208 79
103 71 133 60 219 26
88 155 129 18 46 171
227 15 100 78 140 47
229 136 208 62 240 179
